25,1
25,3
39,3
40,1
40,3
0,273
0,270
62,35
3,2
3,1
3,3
10,262
10,90
10,224
10,64
10,266
10,244
10,126
10,1
10,76
10,2
10,3
11,20
11,6
11,18
11,12
11,14
11,1
11,8
11,2
11,3
9,7
9,4
9,1
9,6
9,2
9,3
8,13
8,17
8,18
8,15
8,8
8,1
8,14
8,2
8,3
12,2
12,1
12,3
20,2
20,1
20,3
19,2
19,1
19,3
61,5
61,4
61,3
61,2
61,1
61,0
60,6
60,5
60,4
60,3
60,2
60,1
60,0
57,5
57,4
57,3
57,2
18,1
57,1
57,0
56,4
18,3
56,3
56,2
14,3
56,1
13,1
56,0
54,4
13,3
54,3
54,2
54,1
54,0
53,4
53,3
53,2
53,1
53,0
52,4
52,3
52,2
52,1
52,0
51,4
51,3
51,2
51,1
51,0
49,5
49,4
49,3
49,2
2,2
49,1
2,1
49,0
48,4
48,3
48,2
2,3
48,1
48,0
47,5
